Energy range: (50, 400)
Data path: main_files/crab_19/data_2017_center
Fit path: main_files/crab_19/fit_low_e_break_2017/crab_fit_50_400
Result: [ 8.69676633e-04  6.54256023e+01 -1.43788741e+00 -2.12325667e+00
  1.84271378e-08 -1.24614327e+00]
Covariance: [[ 1.45819364e-09 -5.91201939e-05  3.06916906e-06  7.99653175e-10
   1.15704455e-13 -3.38279178e-06]
 [-5.91201939e-05  4.02232394e+00 -1.07754000e-01 -1.08307029e-02
  -8.18808355e-09  1.09477607e-01]
 [ 3.06916906e-06 -1.07754000e-01  6.89123544e-03  2.50584515e-06
   1.26658264e-10 -7.38391532e-03]
 [ 7.99653175e-10 -1.08307029e-02  2.50584515e-06  2.52147023e-04
   3.77907282e-11  2.98225129e-04]
 [ 1.15704455e-13 -8.18808355e-09  1.26658264e-10  3.77907282e-11
   1.45780246e-13  8.99856311e-08]
 [-3.38279178e-06  1.09477607e-01 -7.38391532e-03  2.98225129e-04
   8.99856311e-08  5.15455788e+00]]
compleated at 2024-09-16 21:54:22.988369