165800040010  165800060010
165800070010  165800080010
165800100010  165800140010
165800150010  165800160010
165800170010  165800180010
165800200010  165800210010
165800220010  165800230010
166200020010  166200030010
166200040010  166200050010
166200060010  166200070010
166200080010  166200090010
166200100010  166200110010
166200120010  166200130010
166200140010  166200150010
166200160010  166200170010
166200180010  166200190010
166200200010  166200210010
166200220010  166200240010
166200250010  166200260010
166200270010  166200290010
166200280010  166200300010
166200310010  166200320010
166200330010  166200340010
166200350010  166200360010
166200370010  166200380010
166200390010  166200400010
166200410010  166200420010
166200430010  166200440010
166200450010  166200460010
166200490010  166200500010
166200510010  166200520010
166200540010  166200550010
166400010010  166400030010
166400020010  166400040010
166400050010  166400060010
166400070010  166400080010
166400090010  166400100010
166400110010  166400120010
166400130010  166400140010
166400150010  166400160010
166400170010  166400180010
166400190010  166400200010
166400210010  166400220010
166400230010  166400240010
166400250010  166400260010
