165800030010  165800040010
165800060010  165800070010
165800080010  165800100010
165800140010  165800150010
165800160010  165800170010
165800180010  165800200010
165800210010  165800220010
165800230010  165800240010
166200020010  166200030010
166200040010  166200050010
166200060010  166200070010
166200080010  166200090010
166200100010  166200110010
166200120010  166200130010
166200140010  166200150010
166200160010  166200170010
166200180010  166200190010
166200200010  166200210010
166200220010  166200240010
166200250010  166200260010
166200270010  166200290010
166200280010  166200300010
166200310010  166200320010
166200330010  166200340010
166200350010  166200360010
166200370010  166200380010
166200390010  166200400010
166200410010  166200420010
166200430010  166200440010
166200450010  166200460010
166200490010  166200500010
166200510010  166200520010
166200540010  166200550010
166400010010  166400030010
166400020010  166400040010
166400050010  166400060010
166400070010  166400080010
166400090010  166400100010
166400110010  166400120010
166400130010  166400140010
166400150010  166400160010
166400170010  166400180010
166400190010  166400200010
166400210010  166400220010
166400230010  166400240010
166400250010  166400260010
178100030010  178100050010
178100040010  178100060010
178100090010  178100100010
178100110010  178100120010
178100130010  178100140010
178100150010  178100160010
178100170010  178100180010
178100190010  178100200010
178100210010  178100220010
178100230010  178100240010
178100250010  178100260010
178100270010  178100280010
178400030010  178400060010
178400040010  178400070010
178400080010  178400090010
178400100010  178400110010
178400120010  178400130010
178400140010  178400150010
178400160010  178400170010
178400180010  178400190010
178400200010  178400210010
178400220010  178400230010
178400240010  178400250010
178400260010  178400270010
178400280010  178400290010
178400300010  178400310010
178400320010  178400330010
178400340010  178400350010
178400360010  178400370010
178400380010  178400390010
178400400010  178400410010
178400420010  178400430010
178400440010  178400450010
178400460010  178400470010
178400480010  178400490010
178400500010  178400510010
178400520010  178400530010
178400540010  178400550010
178400560010  178400570010
178500020010  178500030010
178500040010  178500050010
178500060010  178500070010
178500080010  178500090010
178500100010  178500110010
178500120010  178500130010
178500140010  178500150010
178500160010  178500170010
178500180010  178500190010
178500200010  178500210010
178500220010  178500230010
178500240010  178500250010
178500260010  178500300010
178500270010  178500290010
178500280010  178500310010
178500320010  178500330010
178500340010  178500350010
178500360010  178500370010
178500380010  178500390010
178500400010  178500410010
178500420010  178500430010
178500440010  178500450010
178500460010  178500470010
178500480010  178500490010
178500500010  178500510010
178900650010  178900660010
178900670010  178900680010
178900690010  178900700010
178900710010  178900720010
178900730010  178900740010
178900750010  178900760010
178900770010  178900780010
178900790010  178900800010
178900810010  178900820010
178900830010  178900840010
178900850010  178900860010
178900870010  178900880010
