Energy range: (40, 400)
Data path: main_files/crab_19/data_2017_center
Fit path: main_files/crab_19/fit_low_e_break_2017/crab_fit_40_400
Result: [ 1.02776967e-03  5.41366419e+01 -1.40016221e+00 -2.12729941e+00
  1.41474276e-07 -7.97527690e+00]
Covariance: [[ 5.53045486e-11 -2.51751625e-06  4.18818104e-08  5.46048339e-09
   8.99615577e-14 -6.43176263e-07]
 [-2.51751625e-06  5.61864488e-01 -7.59742483e-04 -7.47422385e-03
   1.89268614e-08  9.69955550e-02]
 [ 4.18818104e-08 -7.59742483e-04  5.25984389e-05  1.52716315e-06
   5.67504548e-11  5.72343651e-05]
 [ 5.46048339e-09 -7.47422385e-03  1.52716315e-06  1.80562993e-04
  -3.01475162e-10 -7.24220517e-04]
 [ 8.99615577e-14  1.89268614e-08  5.67504548e-11 -3.01475162e-10
   3.49909307e-13  5.25925587e-07]
 [-6.43176263e-07  9.69955550e-02  5.72343651e-05 -7.24220517e-04
   5.25925587e-07  1.73926409e+00]]
compleated at 2024-08-30 18:01:19.276378