Energy range: (20, 1000)
Data path: ./main_files/crab_19/data_2_2017_comb
Fit path: ./main_files/crab_19/fit_2_2017_combined/crab_beuermann_fit_20_1000
Result: [ 5.63506903e-05 -2.17311306e+00 -2.17149362e+00  4.74709684e+00
  3.02139993e+02  3.06492111e+02  3.34013097e-08 -4.31244108e+00]
Covariance: [[ 3.87310259e-10  1.94116755e-07 -4.11697093e-08 -1.72088121e-06
  -9.87151803e-04 -1.03792308e-03 -3.63567123e-13  2.01078049e-07]
 [ 1.94116755e-07  6.69526729e-02 -6.52378857e-02  8.62069293e-03
   3.72115316e+01 -3.68492390e+01 -7.60559698e-10  6.23887361e-04]
 [-4.11697093e-08 -6.52378857e-02  6.58805051e-02 -1.92635924e-02
  -3.61671122e+01  3.71934683e+01  1.49612990e-09  1.24503333e-03]
 [-1.72088121e-06  8.62069293e-03 -1.92635924e-02  1.71441474e+00
  -6.91196292e+00 -2.36627094e+01  7.81479494e-08  9.89741884e-02]
 [-9.87151803e-04  3.72115316e+01 -3.61671122e+01 -6.91196292e+00
   2.49096342e+04 -1.79654398e+04 -3.66338445e-07 -1.12742673e+00]
 [-1.03792308e-03 -3.68492390e+01  3.71934683e+01 -2.36627094e+01
  -1.79654398e+04  2.47440658e+04  1.07247739e-06 -4.88955747e-01]
 [-3.63567123e-13 -7.60559698e-10  1.49612990e-09  7.81479494e-08
  -3.66338445e-07  1.07247739e-06  7.22297727e-13  7.54124038e-07]
 [ 2.01078049e-07  6.23887361e-04  1.24503333e-03  9.89741884e-02
  -1.12742673e+00 -4.88955747e-01  7.54124038e-07  1.42128593e+00]]
compleated at 2024-08-12 19:09:12.874655