Energy range: (20, 1000)
Data path: ./main_files/crab_19/data_2_2003_comb
Fit path: ./main_files/crab_19/fit_2_2003_combined/crab_beuermann_fit_20_1000
Result: [ 5.45527889e-05 -1.72937199e+00 -2.20641450e+00  3.61197300e+00
  4.64586026e+02  3.12682574e+02  1.21138836e-08 -1.47122899e+00]
Covariance: [[ 8.51633727e-11  5.91717657e-08  3.65152632e-08 -2.18539624e-07
  -3.63165899e-04 -1.70934277e-04 -1.80251193e-14 -2.55170615e-06]
 [ 5.91717657e-08  4.04431071e-03 -5.33319986e-05 -7.50767395e-02
   4.70373748e+00 -1.04935819e-01 -1.26675952e-10  3.18718567e-03]
 [ 3.65152632e-08 -5.33319986e-05  2.87026795e-04  1.26323864e-02
  -2.97458252e-01 -5.15662281e-02 -1.22108663e-11 -1.14961390e-03]
 [-2.18539624e-07 -7.50767395e-02  1.26323864e-02  2.12898670e+00
  -9.27874784e+01  8.47222469e-01  2.17204040e-09 -5.62817895e-02]
 [-3.63165899e-04  4.70373748e+00 -2.97458252e-01 -9.27874784e+01
   7.86853951e+03  7.55527343e+02 -1.01260272e-07  1.96074132e+01]
 [-1.70934277e-04 -1.04935819e-01 -5.15662281e-02  8.47222469e-01
   7.55527343e+02  3.50827354e+02  3.94137285e-08  5.35905480e+00]
 [-1.80251193e-14 -1.26675952e-10 -1.22108663e-11  2.17204040e-09
  -1.01260272e-07  3.94137285e-08  1.03198861e-14  2.40525874e-08]
 [-2.55170615e-06  3.18718567e-03 -1.14961390e-03 -5.62817895e-02
   1.96074132e+01  5.35905480e+00  2.40525874e-08  4.34760455e+00]]
compleated at 2024-08-12 16:00:38.222869