Energy range: (20, 400)
Data path: main_files/crab_19/data_2017_center
Fit path: main_files/crab_19/fit_low_e_break_2017/crab_fit_20_400
Result: [ 7.62609844e-04  4.45180195e+01 -1.95380950e+00 -2.12746008e+00
  3.16357925e-08 -4.35377492e+00]
Covariance: [[ 1.41056557e-10 -1.79636905e-05  1.57367328e-07  2.12707198e-08
   1.15829544e-12  2.45217291e-06]
 [-1.79636905e-05  4.74765474e+00 -1.89021568e-02 -1.32617665e-02
  -1.98441035e-08 -1.45393867e-01]
 [ 1.57367328e-07 -1.89021568e-02  1.80054956e-04  2.23626956e-05
   1.25987340e-09  2.62667305e-03]
 [ 2.12707198e-08 -1.32617665e-02  2.23626956e-05  8.57647884e-05
  -1.38889581e-10 -1.27269467e-04]
 [ 1.15829544e-12 -1.98441035e-08  1.25987340e-09 -1.38889581e-10
   7.43059902e-13  8.68435985e-07]
 [ 2.45217291e-06 -1.45393867e-01  2.62667305e-03 -1.27269467e-04
   8.68435985e-07  1.92631290e+00]]
compleated at 2024-08-30 16:04:02.044291