205800040010  205800050010
205800060010  205800070010
205800090010  205800100010
205800110010  205800120010
205800130010  205800140010
205800150010  205800160010
205800170010  205800180010
205800190010  205800200010
205800210010  205800220010
205800230010  205800240010
205800250010  205800260010
205800270010  205800280010
206200030010  206200050010
206200040010  206200060010
206200070010  206200080010
206200090010  206200100010
206200110010  206200120010
206200130010  206200140010
206200150010  206200160010
206200170010  206200180010
206200190010  206200200010
206200210010  206200220010
206200230010  206200240010
206200250010  206200260010
206200270010  206200280010
206200290010  206200300010
206200310010  206200320010
206200330010  206200340010
206200350010  206200360010
206200370010  206200380010
206200390010  206200400010
206200410010  206200420010
206200430010  206200440010
206200450010  206200460010
206200480010  206200490010
206200500010  206200510010
206300020010  206300030010
206300040010  206300050010
206300060010  206300070010
206300080010  206300090010
206300100010  206300110010
206300120010  206300130010
206300140010  206300150010
206300160010  206300170010
206300180010  206300200010
206300210010  206300220010
206300230010  206300240010
206300250010  206300260010
206300270010  206300280010
206300290010  206300300010
206300310010  206300320010
206300330010  206300340010
206300350010  206300360010
206300370010  206300380010
206300390010  206300410010
206300420010  206300430010
206300440010  206300450010
206300470010  206300500010
206300510010  206300530010
206300550010  206300560010
206300570010  206300580010
206300590010  206300610010
206300620010  206300630010
206300640010  206300650010
206300660010  206300670010
206300680010  206300690010
206300700010  206300710010
206300720010  206300730010
206300740010  206300750010
206300760010  206300770010
206300780010  206300790010
206600260010  206600280010
206600270010  206600290010
206600300010  206600310010
206600320010  206600340010
206600350010  206600360010
206600380010  206600400010
206600410010  206600420010
206600430010  206600440010
206600450010  206600460010
206600470010  206600480010
206600490010  206600500010
206600510010  206600520010
206600530010  206600540010
206600550010  206600560010
206600570010  206600580010
