Energy range: (20, 1000)
Data path: ./main_files/crab_19/data_2_2017_comb
Fit path: ./main_files/crab_19/fit_2_2017_combined/crab_band_free_E_c_fit_20_1000
Result: [ 9.98170355e-04 -1.84322323e+00  2.42923547e+02 -2.17931094e+00
  1.74110268e-08 -5.19653538e+00]
Covariance: [[ 2.71734820e-10  1.51686862e-07 -2.28469998e-04  3.73058139e-08
   4.04821041e-13  1.20152794e-06]
 [ 1.51686862e-07  9.34916876e-05 -1.17905844e-01  4.03254168e-06
   2.22506813e-10  5.70475122e-04]
 [-2.28469998e-04 -1.17905844e-01  2.12655478e+02 -6.84940812e-02
  -1.60739897e-07 -6.29902827e-01]
 [ 3.73058139e-08  4.03254168e-06 -6.84940812e-02  2.53942299e-04
  -1.72492195e-13 -5.77953404e-05]
 [ 4.04821041e-13  2.22506813e-10 -1.60739897e-07 -1.72492195e-13
   3.41851345e-13  5.42590820e-07]
 [ 1.20152794e-06  5.70475122e-04 -6.29902827e-01 -5.77953404e-05
   5.42590820e-07  1.65280645e+00]]
compleated at 2024-08-13 19:50:04.640789