Energy range: (45, 400)
Data path: main_files/crab_19/data_2017_center
Fit path: main_files/crab_19/fit_low_e_break_2017/crab_fit_45_400
Result: [ 9.79679893e-04  5.59158052e+01 -1.42472504e+00 -2.12271743e+00
  6.75377158e-08 -6.60395934e+00]
Covariance: [[ 3.30669442e-09 -1.01983044e-04  5.02667329e-06  1.25706898e-07
  -1.77988438e-12 -9.48557929e-06]
 [-1.01983044e-04  4.32719489e+00 -1.52733444e-01 -1.47697536e-02
   2.01852018e-08  3.35993291e-01]
 [ 5.02667329e-06 -1.52733444e-01  7.71936668e-03  1.82583040e-04
  -3.16217029e-09 -1.17794741e-02]
 [ 1.25706898e-07 -1.47697536e-02  1.82583040e-04  2.13078382e-04
   1.08223760e-10  1.66967880e-03]
 [-1.77988438e-12  2.01852018e-08 -3.16217029e-09  1.08223760e-10
   3.53847395e-13  1.07286339e-07]
 [-9.48557929e-06  3.35993291e-01 -1.17794741e-02  1.66967880e-03
   1.07286339e-07  4.06493396e+00]]
compleated at 2024-09-16 21:22:32.616245