185600050010  185600060010
185600070010  185600080010
185600090010  185600100010
185600110010  185600120010
185600130010  185600150010
185600160010  185600170010
185600180010  185600190010
185600200010  185600210010
185600220010  185600230010
185600240010  185600250010
185600260010  185600270010
185600280010  185600300010
185600310010  185600330010
185600320010  185600340010
185600350010  185600360010
185600370010  185600390010
185600400010  185600410010
185600420010  185600430010
185600440010  185600450010
185600460010  185600470010
185600480010  185600490010
185600500010  185600510010
185600520010  185600530010
185600540010  185600550010
185700010010  185700030010
185700020010  185700040010
185700050010  185700060010
185700070010  185700080010
185700090010  185700100010
185700110010  185700130010
185700140010  185700150010
185700160010  185700170010
185700180010  185700190010
185700200010  185700210010
185700220010  185700230010
185700240010  185700250010
185700260010  185700300010
185700270010  185700290010
185700280010  185700310010
185700320010  185700330010
185700340010  185700350010
185700360010  185700370010
185700390010  185700400010
185700410010  185700420010
185700430010  185700440010
185700450010  185700460010
185700470010  185700480010
185700490010  185700510010
192700020010  192700030010
192700040010  192700050010
192700060010  192700080010
192700090010  192700100010
192700110010  192700120010
192700130010  192700140010
192700150010  192700160010
192700170010  192700180010
192700190010  192700200010
192700210010  192700220010
192700230010  192700240010
192700250010  192700260010
192700270010  192700300010
192700280010  192700310010
192700320010  192700330010
192700340010  192700350010
192700360010  192700370010
192700380010  192700390010
192700400010  192700410010
192700420010  192700430010
192700440010  192700450010
192700460010  192700470010
192700480010  192700490010
192700500010  192700510010
192700520010  192700530010
192800020010  192800030010
192800040010  192800050010
192800060010  192800070010
192800080010  192800090010
192800100010  192800110010
192800120010  192800130010
192800140010  192800150010
192800170010  192800180010
192800190010  192800200010
192800210010  192800220010
192800230010  192800240010
192800250010  192800260010
192800270010  192800280010
192800290010  192800300010
192800310010  192800320010
192800330010  192800340010
192800350010  192800360010
192800370010  192800380010
192800390010  192800400010
192800410010  192800420010
192800430010  192800440010
192800450010  192800460010
192800470010  192800480010
192800490010  192800500010
192800510010  192800520010
192800530010  192800540010
192800550010  192800560010
192800570010  192800580010
192800590010  192800600010
192800610010  192800620010
192800630010  192800640010
192800650010  192800660010
192800670010  192800680010
192800690010  192800700010
192800710010  192800720010
192800730010  192800740010
192800750010  192800760010
192800770010  192800780010
