Energy range: (20, 400)
Data path: main_files/crab_19/data_2003_center
Fit path: main_files/crab_19/fit_low_e_break_2003_no_bound/crab_fit_20_400
Result: [ 7.80756115e-04  4.62013959e+01 -1.96631774e+00 -2.13594165e+00
  1.49320945e-08 -4.03981594e-01]
Covariance: [[ 6.40372924e-11 -1.03152833e-05  7.08063588e-08  9.85661098e-09
   3.19783263e-14 -1.47569856e-07]
 [-1.03152833e-05  3.96433038e+00 -1.07145038e-02 -1.10272091e-02
   1.31145297e-09  9.46741241e-02]
 [ 7.08063588e-08 -1.07145038e-02  8.07300236e-05  1.02997716e-05
   3.16911594e-11 -1.77962354e-04]
 [ 9.85661098e-09 -1.10272091e-02  1.02997716e-05  6.28810536e-05
  -4.76307878e-11 -4.74377736e-04]
 [ 3.19783263e-14  1.31145297e-09  3.16911594e-11 -4.76307878e-11
   7.68652638e-14  1.25317915e-07]
 [-1.47569856e-07  9.46741241e-02 -1.77962354e-04 -4.74377736e-04
   1.25317915e-07  5.25492948e+00]]
compleated at 2024-09-17 17:24:25.278958