Energy range: (50, 400)
Data path: main_files/crab_19/data_2017_center
Fit path: main_files/crab_19/fit_low_e_break_2017_no_bound/crab_fit_50_400
Result: [ 1.06454286e-03  6.13376770e+01 -1.09542280e+00 -2.12026405e+00
  2.06450832e-08 -3.19218681e+00]
Covariance: [[ 5.68683672e-08 -4.23840167e-04  7.82553644e-05  4.21639129e-07
   2.80610749e-12 -4.16687126e-05]
 [-4.23840167e-04  4.66826670e+00 -6.06941458e-01 -1.01060556e-02
  -3.97276704e-08  6.20815634e-01]
 [ 7.82553644e-05 -6.06941458e-01  1.10344983e-01  5.05822358e-04
   4.67526343e-09 -6.38578973e-02]
 [ 4.21639129e-07 -1.01060556e-02  5.05822358e-04  2.39582083e-04
  -2.51101085e-10 -3.85455279e-03]
 [ 2.80610749e-12 -3.97276704e-08  4.67526343e-09 -2.51101085e-10
   1.58064807e-13  7.15274636e-08]
 [-4.16687126e-05  6.20815634e-01 -6.38578973e-02 -3.85455279e-03
   7.15274636e-08  4.27612386e+00]]
compleated at 2024-09-17 22:10:51.977595