Energy range: (35, 400)
Data path: main_files/crab_19/data_2003_center
Fit path: main_files/crab_19/fit_low_e_break_2003/crab_fit_35_400
Result: [ 1.19368121e-03  4.66980262e+01 -1.40016609e+00 -2.13646978e+00
  1.98891168e-08 -5.56436978e-01]
Covariance: [[ 7.78221407e-11 -1.47897129e-06  6.10327347e-08  4.45286908e-09
   3.71920364e-14  1.03413785e-07]
 [-1.47897129e-06  1.52932418e-01 -5.58958747e-04 -1.89846668e-03
  -2.25322441e-09 -2.10797517e-02]
 [ 6.10327347e-08 -5.58958747e-04  5.81623205e-05  1.61983738e-06
   1.54765863e-11 -2.70601920e-05]
 [ 4.45286908e-09 -1.89846668e-03  1.61983738e-06  5.32065000e-05
   6.42459213e-11  3.07706184e-04]
 [ 3.71920364e-14 -2.25322441e-09  1.54765863e-11  6.42459213e-11
   1.43922755e-13  1.80639864e-07]
 [ 1.03413785e-07 -2.10797517e-02 -2.70601920e-05  3.07706184e-04
   1.80639864e-07  5.25525790e+00]]
compleated at 2024-09-16 18:47:49.726559