Energy range: (20, 1000)
Data path: ./main_files/crab_19/data_2_2003_comb
Fit path: ./main_files/crab_19/fit_2_2003_combined/crab_band_free_E_c_fit_20_1000
Result: [ 1.04944749e-03 -1.82691050e+00  2.19809978e+02 -2.17802154e+00
  1.09552026e-08 -2.94425333e-01]
Covariance: [[ 3.20447085e-09  1.55415406e-06 -1.69084237e-03  4.61338124e-07
   5.11394809e-13 -1.50420362e-06]
 [ 1.55415406e-06  7.62626208e-04 -8.23290758e-01  2.11175616e-04
   2.64987192e-10 -8.94153366e-04]
 [-1.69084237e-03 -8.23290758e-01  9.40413961e+02 -2.72682031e-01
  -2.79401139e-07  1.07359122e+00]
 [ 4.61338124e-07  2.11175616e-04 -2.72682031e-01  2.11926834e-04
   6.46280560e-11  8.18636934e-05]
 [ 5.11394809e-13  2.64987192e-10 -2.79401139e-07  6.46280560e-11
   4.20278829e-14  9.07696445e-08]
 [-1.50420362e-06 -8.94153366e-04  1.07359122e+00  8.18636934e-05
   9.07696445e-08  5.08882597e+00]]
compleated at 2024-08-21 20:47:16.017431