192100060010  192100070010
192100080010  192100090010
192100100010  192100110010
192100120010  192100130010
192100140010  192100150010
192100160010  192100170010
192100180010  192100190010
192100200010  192100210010
192100220010  192100230010
192100240010  192100250010
192100260010  192100270010
192100280010  192100290010
192500020010  192500030010
192500040010  192500050010
192500060010  192500070010
192500080010  192500090010
192500100010  192500110010
192500120010  192500130010
192500140010  192500150010
192500160010  192500170010
192500180010  192500190010
192500200010  192500210010
192500220010  192500230010
192500240010  192500250010
192700020010  192700030010
192700040010  192700050010
192700060010  192700080010
192700090010  192700100010
192700110010  192700120010
192700130010  192700140010
192700150010  192700160010
192700170010  192700180010
192700190010  192700200010
192700210010  192700220010
192700230010  192700240010
192700250010  192700260010
192700270010  192700300010
192700280010  192700310010
192700320010  192700330010
192700340010  192700350010
192700360010  192700370010
192700380010  192700390010
192700400010  192700410010
192700420010  192700430010
192700440010  192700450010
192700460010  192700470010
192700480010  192700490010
192700500010  192700510010
192700520010  192700530010
193000170010  193000200010
193000180010  193000190010
193000220010  193000230010
193000240010  193000250010
193000260010  193000270010
193000280010  193000290010
193000300010  193000310010
193000320010  193000330010
193000340010  193000370010
193000380010  193000390010
193000400010  193000420010
199600030010  199600050010
199600040010  199600060010
199600070010  199600080010
199600090010  199600100010
199600110010  199600120010
199600130010  199600140010
199600150010  199600160010
199600170010  199600180010
199600190010  199600200010
199600210010  199600220010
199600230010  199600240010
199600250010  199600260010
199600270010  199600280010
199900030010  199900050010
199900040010  199900060010
199900070010  199900080010
199900090010  199900100010
199900110010  199900120010
199900130010  199900140010
199900150010  199900160010
199900170010  199900180010
199900190010  199900200010
199900210010  199900220010
199900230010  199900240010
199900260010  199900270010
199900280010  199900300010
199900290010  199900310010
199900320010  199900330010
199900340010  199900350010
199900360010  199900370010
199900380010  199900390010
199900400010  199900410010
199900420010  199900430010
199900440010  199900450010
199900460010  199900470010
199900480010  199900490010
199900500010  199900510010
199900520010  199900530010
200000030010  200000040010
200000050010  200000060010
200000070010  200000080010
200000090010  200000100010
200000110010  200000120010
200000140010  200000150010
200000160010  200000170010
200000190010  200000200010
200000220010  200000230010
200000250010  200000260010
200000270010  200000280010
200000290010  200000300010
200000310010  200000320010
200000330010  200000340010
200000350010  200000360010
200000370010  200000380010
200000400010  200000410010
200000420010  200000430010
200000440010  200000450010
200000460010  200000470010
200000480010  200000490010
200000500010  200000510010
200000520010  200000540010
200000530010  200000550010
200000560010  200000570010
200000580010  200000590010
200000600010  200000620010
200000630010  200000640010
200000650010  200000660010
200000670010  200000680010
200000690010  200000700010
200000710010  200000720010
200000730010  200000740010
200000750010  200000760010
200000770010  200000780010
205800030010  205800050010
205800040010  205800060010
205800070010  205800090010
205800100010  205800110010
205800120010  205800130010
205800140010  205800150010
205800160010  205800170010
205800180010  205800190010
205800200010  205800210010
205800220010  205800230010
205800240010  205800250010
205800260010  205800270010
206200030010  206200050010
206200040010  206200060010
206200070010  206200080010
206200090010  206200100010
206200110010  206200120010
206200130010  206200140010
206200150010  206200160010
206200170010  206200180010
206200190010  206200200010
206200210010  206200220010
206200230010  206200240010
206200250010  206200260010
206200270010  206200280010
206200290010  206200300010
206200310010  206200320010
206200330010  206200340010
206200350010  206200360010
206200370010  206200380010
206200390010  206200400010
206200410010  206200420010
206200430010  206200440010
206200450010  206200460010
206200480010  206200490010
206200500010  206200510010
206300020010  206300030010
206300040010  206300050010
206300060010  206300070010
206300080010  206300090010
206300100010  206300110010
206300120010  206300130010
206300140010  206300150010
206300160010  206300170010
206300180010  206300200010
206300210010  206300220010
206300230010  206300240010
206300250010  206300260010
206300270010  206300280010
206300290010  206300300010
206300310010  206300320010
206300330010  206300340010
206300350010  206300360010
206300370010  206300380010
206300390010  206300410010
206300420010  206300430010
206300440010  206300450010
206300470010  206300500010
206300510010  206300530010
206300550010  206300560010
206300570010  206300580010
206300590010  206300610010
206300620010  206300630010
206300640010  206300650010
206300660010  206300670010
206300680010  206300690010
206300700010  206300710010
206300720010  206300730010
206300740010  206300750010
206300760010  206300770010
206300780010  206300790010
206600260010  206600280010
206600270010  206600290010
206600300010  206600310010
206600320010  206600340010
206600350010  206600360010
206600380010  206600400010
206600410010  206600420010
206600430010  206600440010
206600450010  206600460010
206600470010  206600480010
206600490010  206600500010
206600510010  206600520010
206600530010  206600540010
206600550010  206600560010
206600570010  206600580010
