    0.495710484830011555E-32   -0.631530095693973732E+10    0.789743375637879611E-03   -0.198441476821899410E+01   -0.241677911281585711E+01    0.598078751061260054E-14   -0.707783794403076172E+01
    0.131808481816701526E-14   -0.631530103718351650E+10    0.816574681271587353E-03   -0.196548328399658212E+01   -0.239378843307495126E+01    0.593394807758590702E-14   -0.744563007354736328E+01
    0.664217755325554146E-56   -0.631530084700088882E+10    0.786732848980489048E-03   -0.196924542214305598E+01   -0.238457744342479749E+01    0.553072059558252174E-12   -0.711998354851840798E+01
    0.368581374680483591E-05   -0.631530108068667126E+10    0.841577762722883695E-03   -0.193072617053985596E+01   -0.231715645790100089E+01    0.132758055315355035E-11   -0.425948810577392578E+01
    0.395088633462961781E-90   -0.631530068938610268E+10    0.794457217216931765E-03   -0.194505966095517868E+01   -0.232681232556452455E+01    0.196215619303263672E-11   -0.455477878593588859E+01
    0.238915563085985035E-35   -0.631530094166446304E+10    0.806300966148390161E-03   -0.198437854379461243E+01   -0.234115324582548556E+01    0.606664623537673880E-13   -0.541577192167469423E+01
    0.437301899362612597E-81   -0.631530073103566170E+10    0.776838591483358675E-03   -0.197769110249119140E+01   -0.237288359021028583E+01    0.260490323049216067E-12   -0.494473846702153885E+01
    0.250231323362672838E-21   -0.631530100622939682E+10    0.794425627246787358E-03   -0.197529704570770259E+01   -0.229600663185119647E+01    0.152778080906015569E-10   -0.754119253158569336E+01
    0.123146042302697867E-18   -0.631530101862687778E+10    0.807599955945659752E-03   -0.194912474155426030E+01   -0.237766931056976327E+01    0.553803570017745124E-08   -0.730431747436523438E+01
    0.887004501612268551E-22   -0.631530100415515518E+10    0.853608703490293962E-03   -0.190035472884903545E+01   -0.220268564265067113E+01    0.217838381969096717E-09   -0.717435850141484277E+01
    0.880633400887884190E-31   -0.631530096269420624E+10    0.835617379975982081E-03   -0.195257463455200209E+01   -0.217933902740478525E+01    0.505130153269022577E-09   -0.690070152282714844E+01
    0.127530730323875126E-07   -0.631530106935372257E+10    0.829843115887259671E-03   -0.194827222287470048E+01   -0.240398548603783002E+01    0.801999309605004661E-08   -0.478137444790443489E+01
    0.118989930101264051E-28   -0.631530097250651169E+10    0.792090413957277054E-03   -0.197362662856265070E+01   -0.233750773180730187E+01    0.804690954295450334E-08   -0.528494101055690901E+01
    0.282439784902126447E-76   -0.631530075318719578E+10    0.809402417608531821E-03   -0.199319267272949219E+01   -0.240873126983642560E+01    0.125239133487392331E-08   -0.679403209686279297E+01
    0.602460764797077424E-98   -0.631530065338856602E+10    0.753905906285355274E-03   -0.202205112233416173E+01   -0.226346940472616387E+01    0.802919460720292431E-13   -0.380816571525995240E+01
    0.770413638741315353E-80   -0.631530073677343941E+10    0.761541001991408251E-03   -0.203788974499898501E+01   -0.216668893306746169E+01    0.897831970742833240E-12   -0.543954497979332352E+01
    0.324725894491682311E-11   -0.631530105280228996E+10    0.808921065165509479E-03   -0.195101525234586082E+01   -0.220000108549757645E+01    0.516222951716507807E-10   -0.517219463499351484E+01
    0.646581544541210751E-54   -0.631530085615740776E+10    0.845154232584439859E-03   -0.194525582790374751E+01   -0.212972347736358669E+01    0.931117037522018486E-09   -0.583627986907958984E+01
    0.422673517172016415E-06   -0.631530107635537815E+10    0.813952908701020845E-03   -0.194584028720855717E+01   -0.220713281631469727E+01    0.604688060409088539E-07   -0.499202108383178711E+01
    0.627581920772038614E-21   -0.631530100806837368E+10    0.842175247073503820E-03   -0.194054205417633052E+01   -0.212727031707763681E+01    0.283472084507461117E-06   -0.510195159912109375E+01
    0.392824958872683876E-79   -0.631530074003148270E+10    0.795896604203990264E-03   -0.200879967212677002E+01   -0.218230264186859113E+01    0.185759918589470612E-14   -0.686257266998291016E+01
    0.280113559282240343E-32   -0.631530095579814339E+10    0.778017421010042030E-03   -0.198866350650787349E+01   -0.211244199275970468E+01    0.217070010276923816E-13   -0.577994775772094727E+01
    0.290330455269622869E-05   -0.631530108020938778E+10    0.807983355738725443E-03   -0.195883392059501427E+01   -0.219010723569736143E+01    0.539534423845768449E-14   -0.379786474192835044E+01
    0.685277908047031273E-95   -0.631530066746168041E+10    0.872625724717219315E-03   -0.191797471527314367E+01   -0.214334748853420143E+01    0.178957014017428894E-14   -0.567702451784216322E+01
    0.243060552661834079E-52   -0.631530086341097069E+10    0.828098768787815620E-03   -0.196690678596496582E+01   -0.213916909694671631E+01    0.933309568233626588E-11   -0.521040391921997070E+01
    0.430437359499847684E-68   -0.631530079087123013E+10    0.817599331011646712E-03   -0.191886165142059317E+01   -0.214520201683044442E+01    0.330930160228036545E-11   -0.519522905349731445E+01
    0.182604874348229233E-07   -0.631530107007165718E+10    0.842516372280128134E-03   -0.191961458736995083E+01   -0.217298930228521403E+01    0.519733848039225357E-11   -0.712997767323761256E+01
    0.269212690944779266E-02   -0.631530109387386227E+10    0.826757779610157802E-03   -0.193508895742658171E+01   -0.229328540185266094E+01    0.438856717187665556E-13   -0.564743782983856768E+01
    0.608449698607526890E-92   -0.631530068103937054E+10    0.805202984308891101E-03   -0.192911176637105908E+01   -0.227687622253921429E+01    0.657093475985009709E-13   -0.558596423474739545E+01
    0.263956988970414836E-40   -0.631530091883796406E+10    0.821427156998032096E-03   -0.197249954544294615E+01   -0.222447149187695548E+01    0.672706681290885917E-11   -0.721210077277333816E+01
    0.232385430578065190E-96   -0.631530066069365597E+10    0.846891445885972357E-03   -0.195610942475125182E+01   -0.228470708348416940E+01    0.986228880352386038E-13   -0.661629344028511923E+01
    0.997273354500984976E+00   -0.631530110570324898E+10    0.830468295633867326E-03   -0.193851531917656073E+01   -0.227679989821102158E+01    0.115841583085132342E-12   -0.597030858152187971E+01
    0.590486750597293185E-54   -0.631530085597590351E+10    0.851759702468818359E-03   -0.193825188012442062E+01   -0.217107336447227883E+01    0.888054524476671871E-12   -0.434579796764029958E+01
    0.999220036067725562E-20   -0.631530101360374546E+10    0.836153834443192781E-03   -0.194777037311699974E+01   -0.220654294937623296E+01    0.189653594301362608E-11   -0.481323213547714701E+01
    0.112207917910393567E-58   -0.631530083423403549E+10    0.811490260741941274E-03   -0.198793306844198225E+01   -0.223486603660456762E+01    0.204782462944685677E-07   -0.126221010708953596E+01
    0.518867311306343740E-79   -0.631530074058805084E+10    0.805186515681461669E-03   -0.199862987995147701E+01   -0.212683129310607910E+01    0.736388460172473369E-07   -0.112664699554443359E+00
    0.262376903566712665E-04   -0.631530108461208248E+10    0.808027184820244728E-03   -0.195827908515930171E+01   -0.219854776859283430E+01    0.427494628497353955E-06   -0.310347843170166016E+01
    0.581328256816413835E-67   -0.631530079607742786E+10    0.793728398259147178E-03   -0.200751501782942032E+01   -0.220125365038502885E+01    0.866102946507952529E-07   -0.226432112270969199E+01
    0.394182739565653332E-61   -0.631530082293144703E+10    0.779472183495925615E-03   -0.201350965019383654E+01   -0.227407939928176983E+01    0.134227771025878305E-06   -0.200306441415501801E+00
    0.105291244270575893E-24   -0.631530099068257523E+10    0.803875834235654417E-03   -0.195078856945037837E+01   -0.219143483638763437E+01    0.292929478998815432E-09   -0.134522056579589844E+01
    0.979834867151591786E-53   -0.631530086159394741E+10    0.766546102852114957E-03   -0.201519389152526873E+01   -0.217914664745330811E+01    0.172083216803813365E-09   -0.161833047866821289E+01
    0.900530563096347821E-31   -0.631530096273889160E+10    0.797459758129050351E-03   -0.195725006781628985E+01   -0.214937481902580618E+01    0.158589680668541266E-09   -0.660280778750750308E+00
    0.187078402585535363E-57   -0.631530083986155415E+10    0.780370872589493565E-03   -0.197360653612771841E+01   -0.214247207289280261E+01    0.178945251872303640E-13   -0.211356218312749977E+01
    0.402184402914358331E-08   -0.631530106704565907E+10    0.806974906224199322E-03   -0.196702525017317820E+01   -0.211452982222260566E+01    0.330285247355638404E-13   -0.271649280875262189E+01
    0.483913920496957800E-46   -0.631530089241918468E+10    0.803142966700343217E-03   -0.194335521881642648E+01   -0.214910170545015511E+01    0.970527377602471941E-14   -0.139888393548316259E+01
    0.335710208323960751E-45   -0.631530089629303741E+10    0.854089209735024962E-03   -0.193345348834991460E+01   -0.223124260902404803E+01    0.432892395947542778E-11   -0.323139524459838867E+01
    0.122039792962723967E-08   -0.631530106466053200E+10    0.803982053108524049E-03   -0.196633749008178715E+01   -0.224424788951873788E+01    0.178918237796798544E-10   -0.312617635726928711E+01
    0.924529166218026646E-29   -0.631530097200183296E+10    0.796875035324715866E-03   -0.196527733941440452E+01   -0.242517562483411764E+01    0.169959604555565616E-08   -0.210063281826039194E+01
    0.199697123317066886E-93   -0.631530067420597553E+10    0.783180317184072917E-03   -0.202279860973358172E+01   -0.240461285114288348E+01    0.163777508512094037E-05   -0.355525350570678711E+01
    0.122140690427451596E-36   -0.631530093571741962E+10    0.803052168071381853E-03   -0.194900782108306880E+01   -0.235255107879638681E+01    0.430281883770166776E-12   -0.210650730133056641E+01
    0.666180979563663915E-65   -0.631530080556025982E+10    0.805156529031632968E-03   -0.199411829468764479E+01   -0.239486460440782523E+01    0.653469453063326486E-14   -0.157156942520694010E+01
    0.530328311534971595E-38   -0.631530092944372463E+10    0.831352382343511064E-03   -0.195986637407369035E+01   -0.244380439948592709E+01    0.100994968315666461E-13   -0.206850288832350326E+01
    0.645299373317415899E-06   -0.631530107720160675E+10    0.818921832133949435E-03   -0.194370754393004486E+01   -0.239273490450976345E+01    0.788858119086811132E-14   -0.191716269839353703E+01
    0.147998137150488713E-37   -0.631530093149630165E+10    0.788360309081895271E-03   -0.197830214500427259E+01   -0.242760617733001727E+01    0.383372823240181402E-12   -0.187402534484863281E+01
    0.657882143894271423E-65   -0.631530080553518867E+10    0.782078361351637701E-03   -0.197537805553003198E+01   -0.246718820851641452E+01    0.121220533583631510E-11   -0.146505316205499891E+01
    0.378582172537936305E-32   -0.631530095640061951E+10    0.792326776539457726E-03   -0.197199296951293945E+01   -0.238982791900634783E+01    0.492532448330605498E-11   -0.299065637588500977E+01
    0.466332653983831734E-61   -0.631530082326761627E+10    0.778502812561700469E-03   -0.198465974330902095E+01   -0.242062180042266828E+01    0.491157275396152529E-11   -0.284438896179199219E+01
    0.574494263501016116E-94   -0.631530067171418190E+10    0.788688106027469853E-03   -0.201558606624603298E+01   -0.237648720741271990E+01    0.218036633354766503E-11   -0.194311571121215820E+01
    0.273129727235982672E-67   -0.631530079456669044E+10    0.780556167078797478E-03   -0.201265991897540175E+01   -0.237703936693349638E+01    0.700383702120963862E-10   -0.190517248208612155E+01
    0.394978129844695158E-25   -0.631530098872160530E+10    0.792212197287845603E-03   -0.198011146378681913E+01   -0.232798406917313994E+01    0.805253322907926937E-10   -0.274726162610327052E+01
    0.368059976334576162E-46   -0.631530089187186241E+10    0.785006890847589258E-03   -0.197857860868725632E+01   -0.239786781131765281E+01    0.829339040287349438E-13   -0.134209368072205848E+00
    0.259155092304132149E-64   -0.631530080827716064E+10    0.791036799387753210E-03   -0.200437519550323495E+01   -0.248857133388519269E+01    0.163653771102983526E-08   -0.745090484619140625E+00
    0.797602775286879338E-68   -0.631530079210484791E+10    0.882669802940793053E-03   -0.186611701886171111E+01   -0.229713809998866836E+01    0.765772368289188254E-11   -0.224334839217161086E+01
    0.300626390966045090E-41   -0.631530091449295807E+10    0.875645211358535040E-03   -0.189075942005196884E+01   -0.232275303162185498E+01    0.142539835741289925E-13   -0.937446882429648909E-01
    0.137718057518938523E-13   -0.631530104187640381E+10    0.829927059506057685E-03   -0.192361145019531254E+01   -0.238356823921203631E+01    0.147622237288275512E-13   -0.159110879898071289E+01
    0.508807279181475543E-77   -0.631530074975923347E+10    0.876938328346294881E-03   -0.190993852615356441E+01   -0.249245293140411395E+01    0.129416685534944782E-09   -0.102172374725341797E+01
    0.969449448665488399E-63   -0.631530081552093410E+10    0.878293453911460327E-03   -0.190203454494476309E+01   -0.240077059268951398E+01    0.641312784552108845E-10   -0.226076078414916992E+01
    0.179286099957161045E-75   -0.631530075688340092E+10    0.881938479935723621E-03   -0.186208412823097369E+01   -0.236786259295154533E+01    0.240433884030236166E-12   -0.228167775156574137E+01
    0.196955381360247315E-98   -0.631530065115247536E+10    0.888807662175172364E-03   -0.185155952439130922E+01   -0.236441471908422152E+01    0.337074379317056675E-12   -0.125612668771784541E+01
    0.412972839458988809E-53   -0.631530085986594296E+10    0.833926791975175569E-03   -0.190455317497253418E+01   -0.246132068634033185E+01    0.176892246509421489E-07   -0.229607963562011719E+01
    0.519044955550995162E-51   -0.631530086953350067E+10    0.879168249044455464E-03   -0.187602236270904532E+01   -0.239597616195678720E+01    0.130845922759977152E-07   -0.144941806793212891E+00
    0.226138328461025695E-86   -0.631530070669085693E+10    0.885296399434119829E-03   -0.189886367321014404E+01   -0.244513943195343009E+01    0.919555204911577079E-08   -0.363252639770507812E+00
    0.170408347335867676E-66   -0.631530079822836208E+10    0.809191871478111258E-03   -0.193071224689483634E+01   -0.239744961261749268E+01    0.465579940832175829E-07   -0.666403293609619141E+00
    0.866207791999829750E-73   -0.631530076924402523E+10    0.886863120183003194E-03   -0.188933250904083261E+01   -0.236819393634796160E+01    0.150226664291617639E-07   -0.200234937667846680E+01
    0.526884541944072796E-17   -0.631530102613926888E+10    0.827924165434357250E-03   -0.192417442798614502E+01   -0.243473298549652117E+01    0.344838806798344877E-05   -0.130784988403320312E+01
    0.176254321070799511E-11   -0.631530105158018303E+10    0.821995613956693380E-03   -0.193360032968520823E+01   -0.235185594151889976E+01    0.595386578677994884E-06   -0.279228937137236244E+01
    0.810334408265791295E-06   -0.631530107765707207E+10    0.832591101005909187E-03   -0.192486746311187740E+01   -0.230952167510986328E+01    0.352739567708009478E-05   -0.674118995666503906E+00
    0.572373580489818161E-90   -0.631530069012746620E+10    0.843208034010492144E-03   -0.195998088736426457E+01   -0.248267310767562677E+01    0.422831041922829955E-05   -0.130067026576228262E+01
    0.100390702420532065E-19   -0.631530101361310482E+10    0.830079106379058400E-03   -0.192184681037126248E+01   -0.228825603044947368E+01    0.127386585569748211E-04   -0.836143533296226593E+00
    0.285457689875465656E-84   -0.631530071636709118E+10    0.895980168892531468E-03   -0.187705713904977189E+01   -0.246318803011245668E+01    0.198053917290863859E-06   -0.452541684845279590E+01
    0.189155862691098325E-42   -0.631530090896119404E+10    0.847464549869300188E-03   -0.189467070102691659E+01   -0.222844929695129412E+01    0.145594572145973564E-08   -0.399841785430908203E+01
    0.232345995589599834E-35   -0.631530094160869789E+10    0.863479774377420373E-03   -0.189842448047881862E+01   -0.213802622840251155E+01    0.330044305703879200E-05   -0.335458479862747971E+01
    0.977977520637619956E-69   -0.631530078790742970E+10    0.878823614634714582E-03   -0.186999528408050542E+01   -0.215601179599761972E+01    0.288547131081689897E-08   -0.426839160919189453E+01
    0.108752687302602142E-58   -0.631530083417148113E+10    0.879392001742905949E-03   -0.187118421852574257E+01   -0.229571537226300793E+01    0.977344263274252940E-14   -0.704494471210700368E+01
    0.159790177534359344E-13   -0.631530104217370987E+10    0.852472502106516473E-03   -0.191949887275695796E+01   -0.226181948184967041E+01    0.819644180147263878E-09   -0.521186351776123047E+01
    0.210474515838720750E-92   -0.631530067891627121E+10    0.889967883725385918E-03   -0.188964708919561675E+01   -0.220862509604150148E+01    0.906163362351543466E-11   -0.578531340525801596E+01
    0.261658296578422645E-88   -0.631530069777230167E+10    0.889869889065574905E-03   -0.187744343458616347E+01   -0.212095304514799698E+01    0.352185824974414219E-10   -0.355897988533340470E+01
    0.114882407303668844E-66   -0.631530079743978500E+10    0.868624749329128176E-03   -0.187097709178924565E+01   -0.240793502330780029E+01    0.472651646774011664E-10   -0.434700775146484375E+01
    0.126942203890320726E-86   -0.631530070553602695E+10    0.884829650212131487E-03   -0.189357119309475186E+01   -0.214240866957770049E+01    0.375008850576127941E-12   -0.408119322938174101E+01
    0.184449893403691798E-36   -0.631530093654182816E+10    0.861872695935726220E-03   -0.189012199969112049E+01   -0.216314456338742866E+01    0.613174350628073749E-13   -0.373039596906947413E+01
