Energy range: (25, 1000)
Data path: ./main_files/crab_19/data_2_2017_comb
Fit path: ./main_files/crab_19/fit_2_2017_combined/crab_band_fit_25_1000_fit_E_c
Result: [ 9.40605544e-04 -1.84993022e+00  3.00160690e+02 -2.20960713e+00
  2.13117170e-08 -7.87042794e+00]
Covariance: [[ 5.51963525e-11  4.46170887e-08 -3.55746952e-05 -4.48078487e-08
   3.61759321e-14  4.63355391e-08]
 [ 4.46170887e-08  4.24666091e-05 -2.24541505e-02 -5.01292232e-05
   1.95080116e-11  2.39637330e-05]
 [-3.55746952e-05 -2.24541505e-02  4.01213725e+01 -1.28560069e-02
  -6.48965156e-09  7.03339764e-02]
 [-4.48078487e-08 -5.01292232e-05 -1.28560069e-02  6.59980793e-04
   1.54842493e-11 -1.87296474e-04]
 [ 3.61759321e-14  1.95080116e-11 -6.48965156e-09  1.54842493e-11
   4.26518115e-14  1.21372307e-07]
 [ 4.63355391e-08  2.39637330e-05  7.03339764e-02 -1.87296474e-04
   1.21372307e-07  8.20817720e-01]]
compleated at 2024-08-09 05:05:21.632534